 23 5 1 54.272200 161.280400 1 0111101100
 23 5 1 54.272200 161.280400 1 0110101010
 23 5 3 54.262200 196.740600 1 0101111100
 23 5 3 54.262200 196.740600 1 0101101100
 23 5 1 54.272200 161.280400 2 0000011000
 23 5 1 54.272200 161.280400 2 0001010001
 23 5 3 54.262200 196.740600 2 1000011000
 23 5 3 54.262200 196.740600 2 0001010000
 23 5 1 54.272200 161.280400 3 0000110110
 23 5 1 54.272200 161.280400 3 0000110110
 23 5 3 54.262200 196.740600 3 0010110100
 23 5 3 54.262200 196.740600 3 0000110110
